0 0.000000
1000 0.000000
2000 0.000000
3000 0.000000
4000 0.000000
5000 0.000000
6000 0.011000
7000 0.000000
8000 0.017000
9000 0.002000
10000 0.003000
11000 0.002000
12000 0.004000
13000 0.000000
14000 0.000000
15000 0.004000
16000 0.000000
17000 0.004000
18000 0.000000
19000 0.004000
20000 0.000000
21000 0.006000
22000 0.004000
23000 0.000000
24000 0.000000
25000 0.000000
26000 0.006000
27000 0.006000
28000 0.008000
29000 0.000000
30000 0.011000
31000 0.008000
32000 0.000000
33000 0.008000
34000 0.010000
35000 0.008000
36000 0.008000
37000 0.009000
38000 0.010000
39000 0.012000
40000 0.010000
41000 0.012000
42000 0.012000
43000 0.011000
44000 0.000000
45000 0.012000
46000 0.020000
47000 0.010000
48000 0.012000
49000 0.017000
50000 0.014000
51000 0.016000
52000 0.007000
53000 0.002000
54000 0.016000
55000 0.014000
56000 0.017000
57000 0.016000
58000 0.026000
59000 0.016000
60000 0.018000
61000 0.017000
62000 0.022000
63000 0.016000
64000 0.018000
65000 0.017000
66000 0.017000
67000 0.019000
68000 0.020000
69000 0.020000
70000 0.020000
71000 0.020000
72000 0.019000
73000 0.020000
74000 0.023000
75000 0.028000
76000 0.024000
77000 0.031000
78000 0.018000
79000 0.022000
80000 0.022000
81000 0.017000
82000 0.025000
83000 0.023000
84000 0.022000
85000 0.026000
86000 0.023000
87000 0.026000
88000 0.029000
89000 0.019000
90000 0.017000
91000 0.026000
92000 0.024000
93000 0.023000
94000 0.030000
95000 0.036000
96000 0.032000
97000 0.026000
98000 0.042000
99000 0.029000
