0.000000 0.000000
1000.000000 0.000000
2000.000000 0.000333
3000.000000 0.000571
4000.000000 0.000571
5000.000000 0.000571
6000.000000 0.000571
7000.000000 0.000571
8000.000000 0.000571
9000.000000 0.000857
10000.000000 0.001571
11000.000000 0.002143
12000.000000 0.002857
13000.000000 0.002857
14000.000000 0.002857
15000.000000 0.005143
16000.000000 0.004571
17000.000000 0.003571
18000.000000 0.005286
19000.000000 0.005714
20000.000000 0.006571
21000.000000 0.007571
22000.000000 0.006429
23000.000000 0.006429
24000.000000 0.008571
25000.000000 0.007714
26000.000000 0.007857
27000.000000 0.008571
28000.000000 0.008571
29000.000000 0.008429
30000.000000 0.010000
31000.000000 0.009143
32000.000000 0.008857
33000.000000 0.009000
34000.000000 0.009000
35000.000000 0.009429
36000.000000 0.010143
37000.000000 0.009714
38000.000000 0.009143
39000.000000 0.010714
40000.000000 0.010143
41000.000000 0.011714
42000.000000 0.011714
43000.000000 0.012571
44000.000000 0.013286
45000.000000 0.014857
46000.000000 0.014571
47000.000000 0.015714
48000.000000 0.014429
49000.000000 0.015286
50000.000000 0.015000
51000.000000 0.015429
52000.000000 0.015429
53000.000000 0.015714
54000.000000 0.016000
55000.000000 0.016000
56000.000000 0.016429
57000.000000 0.017143
58000.000000 0.018143
59000.000000 0.017857
60000.000000 0.018429
61000.000000 0.018714
62000.000000 0.019286
63000.000000 0.019429
64000.000000 0.017571
65000.000000 0.016571
66000.000000 0.017143
67000.000000 0.017857
68000.000000 0.018000
69000.000000 0.019000
70000.000000 0.019143
71000.000000 0.020857
72000.000000 0.021286
73000.000000 0.021714
74000.000000 0.021143
75000.000000 0.019857
76000.000000 0.019286
77000.000000 0.020000
78000.000000 0.020286
79000.000000 0.020714
80000.000000 0.021143
81000.000000 0.020857
82000.000000 0.022429
83000.000000 0.021857
84000.000000 0.020429
85000.000000 0.021857
86000.000000 0.023286
87000.000000 0.024000
88000.000000 0.023143
89000.000000 0.022714
90000.000000 0.025571
91000.000000 0.027000
92000.000000 0.026286
93000.000000 0.023714
94000.000000 0.021857
95000.000000 0.022714
96000.000000 0.024000
97000.000000 0.022000
98000.000000 0.021200
99000.000000 0.019750
